8.0
8.5
8.51
8.52
8.6
8.7
10.0
31.0
31.1
38.0
38.1
38.2
41.0
41.1
41.2
41.21
41.4
53.0
53.1
54.0
70.0
70.1
70.2
70.3
70.4
70.9
71.1
78.0
79.0
79.1
79.2
80.0
81.0
90.0
90.2
90.3
110.1
110.11
110.12
110.13
110.2
112.0
112.3
117.0
117.1
117.2
117.3
117.4
130.0
130.1
131.0
132.0
132.1
133.0
134.0
134.1
136.0
145.0
145.1
145.2
145.3
145.4
145.5
149.0
149.1
149.2
149.3
149.4
149.9
150.0
151.0
153.0
153.2
153.3
155.0
155.1
157.0
158.0
159.0
159.2
159.3
159.4
164.0
165.0
165.1
170.1
170.2
172.11
172.2
172.3
173.0
174.1
174.11
174.3
175.0
180.1
180.3
182.0
184.0
184.1
184.11
184.2
185.0
187.0
187.1
187.2
187.8
189.0
189.11
189.12
189.2
189.21
189.4
190.0
191.0
191.1
191.11
193.0
194.0
195.0
195.1
195.3
196.0
197.0
198.0
198.1
198.2
198.3
198.4
198.5
198.6
198.7
199.0
199.4
200.0
200.1
201.0
202.0
202.2
202.21
202.23
202.24
204.0
204.1
204.11
204.12
204.2
204.21
204.22
204.3
204.4
208.0
210.0
211.0
212.0
213.0
214.0
214.1
215.0
216.0
217.0
217.1
218.1
218.2
220.0
221.0
222.0
223.0
224.0
224.1
225.0
225.1
225.2
226.0
227.0
227.1
227.2
227.3
228.0
229.0
229.1
230.0
240.0
241.0
241.1
241.2
242.0
242.1
242.2
242.3
244.1
244.2
244.4
244.5
245.0
245.1
245.2
245.21
246.0
246.7
249.0
250.1
250.11
250.12
250.13
250.2
250.21
250.22
250.23
250.24
250.3
250.41
250.42
250.5
250.6
250.7
251.0
251.1
251.8
252.0
252.1
252.2
253.0
253.1
253.11
253.2
253.3
253.7
254.0
255.0
255.1
255.11
255.12
255.13
255.21
255.3
256.0
256.4
257.0
257.1
258.0
258.1
259.0
259.1
259.2
259.3
259.4
260.0
260.1
260.2
260.22
260.6
260.7
261.0
261.1
261.2
261.3
261.4
261.41
262.0
263.0
264.9
269.0
270.1
270.11
270.12
270.2
270.21
270.31
270.32
270.33
270.35
271.3
271.9
272.1
272.11
272.12
272.13
272.14
272.9
274.1
274.11
274.2
274.21
275.0
275.1
275.2
275.3
275.5
275.53
276.1
276.11
276.12
276.13
276.14
276.4
276.41
276.42
276.5
276.6
276.8
277.0
277.1
277.2
277.4
277.5
277.51
278.0
278.1
278.3
278.4
279.0
279.1
279.11
279.7
279.8
280.1
280.2
281.0
281.1
281.11
281.12
281.13
281.9
282.5
282.8
282.9
283.0
283.1
283.2
283.21
284.0
284.2
285.0
285.1
285.2
285.22
285.3
285.8
286.1
286.11
286.12
286.13
286.3
286.4
286.5
286.6
286.7
287.0
287.1
287.2
287.3
287.31
287.32
287.4
288.0
288.11
288.3
289.0
289.3
289.4
289.5
289.8
289.9
290.0
290.1
290.11
290.12
290.16
290.2
290.3
291.1
291.4
291.8
292.0
292.1
292.12
292.2
292.3
292.4
292.6
293.0
293.1
295.0
295.1
295.2
295.3
296.0
296.1
296.22
297.0
297.2
300.0
300.1
300.11
300.12
300.13
300.3
300.4
300.8
300.9
301.0
301.1
301.2
302.0
302.1
303.0
303.1
303.3
303.4
304.0
305.2
305.21
306.0
306.9
312.0
312.3
313.0
313.2
313.3
315.0
315.1
315.2
315.3
316.0
316.1
317.0
317.1
317.11
318.0
320.0
323.0
323.2
324.0
324.1
325.0
327.0
327.1
327.3
327.4
327.41
327.5
327.6
331.0
331.1
331.9
332.0
333.0
333.1
333.2
333.3
333.4
333.8
334.0
334.1
334.2
335.0
337.0
337.1
338.1
338.2
339.0
340.0
340.1
341.0
342.0
343.0
344.0
345.0
345.1
345.11
345.12
345.3
346.0
346.1
346.2
346.3
347.0
348.0
348.2
348.4
348.7
348.8
348.9
349.0
350.1
350.2
350.3
350.5
350.6
351.0
352.0
352.1
352.2
353.0
353.1
353.2
355.0
356.0
357.0
358.0
358.1
359.1
359.2
360.0
360.2
360.3
361.0
361.1
361.2
362.0
362.1
362.29
362.3
362.31
362.4
362.6
362.7
362.8
363.0
363.3
363.4
364.0
364.1
364.2
364.4
364.41
364.5
364.9
365.0
365.11
365.2
366.0
366.1
366.2
366.3
367.0
367.1
367.2
367.4
367.8
367.9
368.0
368.1
368.2
368.3
368.4
368.5
368.7
368.9
369.0
369.2
369.5
370.0
370.1
370.3
371.0
371.1
371.2
371.3
371.33
371.9
372.0
374.0
374.1
374.2
374.3
375.0
375.2
376.0
377.0
377.1
377.3
378.0
378.1
378.2
378.5
379.0
379.1
379.2
379.3
379.4
379.5
379.9
380.0
380.1
380.4
381.1
381.11
381.2
381.3
381.9
382.0
383.0
384.0
384.1
384.4
385.0
385.3
385.5
386.0
386.1
386.2
386.21
386.3
386.9
388.0
389.0
389.1
389.2
389.3
389.4
389.5
394.0
394.2
394.3
394.4
394.7
395.1
395.3
395.4
395.6
396.0
401.1
401.2
401.21
401.22
401.3
402.0
411.1
411.2
411.3
411.4
411.41
411.8
411.9
414.0
415.0
415.11
415.2
415.21
416.0
418.0
418.1
420.0
420.1
420.2
420.21
420.22
420.3
425.0
425.1
425.11
425.12
425.2
425.8
426.0
426.2
426.21
426.23
426.24
426.25
426.3
426.31
426.32
426.4
426.8
426.9
426.91
427.1
427.11
427.12
427.2
427.3
427.42
427.5
427.6
427.61
427.7
427.8
427.9
428.1
428.2
429.1
429.2
429.3
430.0
430.1
430.2
430.3
433.0
433.1
433.11
433.12
433.2
433.21
433.3
433.31
433.32
433.5
433.8
440.0
440.1
440.2
440.9
441.0
441.1
441.2
442.0
442.1
442.11
442.2
442.3
442.4
442.8
443.1
443.7
443.8
443.9
444.0
444.1
444.2
446.0
446.1
446.2
446.3
446.4
446.5
446.6
446.7
446.8
446.9
447.0
447.1
448.0
450.0
451.0
451.2
452.0
452.8
454.0
454.1
454.11
455.0
456.0
458.0
458.1
458.2
458.9
459.0
459.1
459.9
464.0
465.0
465.2
465.4
470.0
471.0
472.0
473.0
473.1
473.3
473.4
474.0
474.1
474.2
475.0
476.0
477.0
478.0
479.0
480.0
480.1
480.11
480.12
480.2
480.3
480.5
481.0
483.0
495.0
495.2
496.0
496.1
496.2
496.21
496.3
497.0
499.0
500.0
500.1
500.2
501.0
502.0
503.0
504.0
505.0
506.0
507.0
508.0
509.1
509.2
509.3
509.5
509.8
510.0
510.2
512.1
512.2
512.7
512.8
512.9
513.3
513.31
513.4
513.8
514.0
514.1
516.0
516.1
519.0
519.2
519.8
519.9
520.0
520.1
520.2
521.0
521.1
521.2
521.4
522.0
522.1
522.5
523.0
523.1
523.3
523.31
523.32
524.0
524.3
525.0
525.2
526.0
526.1
526.3
526.41
526.5
526.9
527.0
527.1
527.2
527.7
527.8
528.0
528.11
528.12
528.3
528.4
528.41
528.5
528.6
528.7
529.0
529.1
529.6
530.0
530.1
530.11
530.12
530.14
530.2
530.3
530.5
530.6
530.7
530.9
531.1
531.2
531.3
531.4
531.5
532.0
535.0
535.1
535.2
535.6
535.8
536.0
537.0
539.0
540.0
540.1
540.11
550.0
550.1
550.2
550.3
550.4
550.5
555.1
555.2
555.21
556.0
556.1
557.0
557.1
558.0
559.0
560.1
560.2
560.3
560.4
561.0
561.1
561.2
562.1
563.0
564.0
564.1
564.8
564.9
565.0
565.1
567.0
568.0
568.1
569.0
569.1
569.2
571.5
571.51
571.6
571.8
571.81
572.0
573.0
573.1
573.2
573.3
573.4
573.5
573.7
573.9
574.1
574.11
574.12
574.2
574.3
575.1
575.2
575.6
575.7
575.8
575.9
577.0
577.1
577.2
577.3
578.1
578.2
578.8
578.9
579.0
579.2
579.8
580.11
580.12
580.14
580.2
580.32
585.1
585.2
585.3
585.31
586.0
586.11
586.12
586.2
586.3
586.4
587.0
588.0
588.1
589.0
590.0
591.0
592.1
592.11
592.12
592.13
592.2
592.21
593.0
594.0
594.1
594.2
594.3
594.8
595.0
596.0
596.1
596.5
597.0
597.1
597.2
598.0
598.9
599.0
599.1
599.2
599.3
599.4
599.5
599.6
599.7
599.8
599.9
600.0
601.1
601.11
601.12
601.4
601.8
602.0
603.0
603.1
603.2
604.0
604.1
605.0
608.0
609.1
609.2
610.1
610.2
610.3
610.4
610.8
611.1
611.3
612.1
612.2
612.3
613.0
613.1
613.5
613.7
613.8
613.9
614.0
614.1
614.3
614.31
614.32
614.33
614.4
614.5
614.51
614.52
614.53
614.54
615.0
617.0
618.0
618.1
618.2
618.5
618.6
619.0
619.1
619.2
619.3
619.4
619.5
620.0
621.0
622.0
622.1
622.2
623.0
624.0
624.1
624.2
624.9
625.0
625.1
626.0
626.1
626.11
626.12
626.13
626.14
626.15
626.2
626.21
626.4
626.8
627.0
627.1
627.2
627.3
627.4
627.5
628.0
634.0
634.1
634.3
635.0
635.2
635.3
636.0
636.2
636.3
636.8
637.0
638.0
639.0
642.0
642.1
643.0
643.1
644.0
645.0
646.0
647.0
647.1
647.3
649.0
649.1
650.0
651.0
652.0
653.0
654.0
654.1
654.2
655.0
656.0
656.2
656.22
656.26
656.3
656.5
656.7
656.8
656.9
657.0
658.0
661.0
663.0
665.0
668.0
669.0
671.0
674.0
676.0
679.0
681.0
681.1
681.2
681.3
681.7
686.0
686.1
686.2
686.3
686.4
686.5
687.0
687.1
687.2
687.3
687.4
689.0
690.0
690.1
691.0
691.1
691.3
694.1
694.2
694.3
695.1
695.2
695.21
695.22
695.3
695.41
695.42
695.7
695.8
695.81
695.9
696.2
696.3
696.4
696.41
696.42
697.0
698.0
700.0
701.0
701.1
701.2
701.3
701.4
701.5
701.6
702.0
702.1
702.2
702.4
703.0
703.1
704.0
704.1
704.11
704.2
704.8
705.0
705.1
705.3
705.8
706.1
706.2
706.8
707.0
707.1
709.2
709.3
709.4
709.5
709.6
709.7
710.0
710.11
710.12
710.19
710.3
711.0
711.1
711.2
711.3
712.0
713.0
713.5
714.0
714.1
714.2
715.0
715.1
715.2
715.3
716.0
716.2
716.8
716.9
717.0
720.0
721.0
721.1
721.2
721.8
722.1
722.3
722.6
722.7
722.8
722.9
723.0
723.1
724.8
724.9
726.0
726.1
726.2
726.3
726.4
727.0
727.1
727.2
727.4
727.5
727.6
727.7
728.0
728.1
728.2
728.7
728.71
729.0
729.1
729.3
731.0
731.1
732.0
732.1
732.7
733.0
733.2
733.4
733.8
735.0
735.1
735.2
735.21
735.23
735.3
736.0
736.2
737.0
737.1
737.2
737.3
738.0
738.4
739.0
740.1
740.11
740.12
740.2
740.9
741.0
741.1
741.2
741.3
741.4
741.5
741.6
742.0
742.1
742.2
742.8
742.9
743.11
743.2
743.21
743.4
743.9
745.0
747.0
747.1
747.11
747.12
747.13
747.2
748.0
749.0
749.1
749.2
750.0
750.1
750.11
750.13
750.14
750.15
750.2
750.21
750.22
751.1
751.11
751.12
751.2
751.21
751.22
751.3
752.0
752.1
752.11
752.2
753.0
753.1
753.2
754.0
754.2
755.0
755.1
755.3
755.4
755.6
755.61
756.0
756.1
756.2
756.21
756.22
756.3
756.5
757.0
758.0
758.1
759.0
759.1
760.0
761.0
764.0
765.0
766.0
769.0
770.0
771.0
771.1
772.0
772.1
773.0
780.0
781.0
781.2
782.3
782.6
783.0
785.0
788.0
789.0
790.0
790.1
790.6
791.0
793.0
793.2
794.0
797.0
797.1
798.0
798.1
800.0
800.1
800.2
800.3
800.4
801.0
802.0
803.0
803.1
803.2
803.3
804.0
805.0
807.0
809.0
817.0
818.0
819.0
830.0
835.0
836.0
840.0
840.3
850.0
851.0
853.0
854.0
857.0
858.0
859.0
860.0
870.0
870.1
870.2
870.3
870.4
870.6
870.8
871.0
871.3
871.4
872.0
874.0
907.0
913.0
915.0
916.0
930.0
931.0
938.0
938.1
938.2
939.0
941.0
942.0
946.0
947.0
949.0
949.1
952.0
958.0
958.1
958.2
960.0
960.1
960.2
961.0
961.1
962.0
962.3
963.0
963.1
964.0
964.1
965.0
965.1
965.3
966.0
967.0
969.0
971.0
972.0
973.0
974.0
975.0
976.0
979.0
981.0
983.0
985.0
986.0
987.0
988.0
989.0
990.0
1000.0
1001.0
1002.0
1004.0
1005.0
1006.0
1007.0
1008.0
1009.0
1010.0
1011.0
1012.0
1013.0
1014.0
1015.0
1019.0
1100.0
